n1, n2, n3, alg, wt_c1, tat_c1, wt_c2, tat_c2, wt_c3, tat_c3,
10, 10, 10, RR, 0.027, 19.761, 19.769, 25.362, 25.389, 31.231, 
10, 10, 10, FCFS, 0.038, 13.540, 13.557, 13.958, 13.977, 36.129, 
10, 10, 100, RR, 0.053, 37.345, 37.369, 43.127, 43.154, 53.557, 
10, 10, 100, FCFS, 0.061, 28.489, 28.509, 32.366, 32.390, 32.881, 
10, 10, 1000, RR, 0.029, 26.671, 26.680, 41.537, 41.543, 55.016, 
10, 10, 1000, FCFS, 0.023, 9.180, 9.182, 9.719, 10.004, 29.014, 
10, 10, 10000, RR, 0.021, 25.165, 25.171, 30.444, 30.448, 36.145, 
10, 10, 10000, FCFS, 0.022, 8.449, 8.452, 29.034, 29.056, 30.459, 
10, 10, 100000, RR, 0.015, 36.071, 36.181, 50.482, 60.587, 88.813, 
10, 10, 100000, FCFS, 0.073, 13.125, 13.132, 13.536, 13.538, 34.522, 
10, 10, 1000000, RR, 0.040, 37.930, 37.935, 48.811, 84.455, 213.729, 
10, 10, 1000000, FCFS, 0.018, 25.657, 25.678, 26.037, 26.040, 148.879, 
10, 100, 10, RR, 0.013, 27.897, 27.903, 41.464, 41.469, 47.702, 
10, 100, 10, FCFS, 0.049, 10.482, 10.503, 30.247, 30.323, 35.909, 
10, 100, 100, RR, 0.016, 23.446, 23.451, 29.095, 29.122, 36.940, 
10, 100, 100, FCFS, 0.022, 25.853, 25.858, 33.261, 33.267, 33.550, 
10, 100, 1000, RR, 0.027, 49.025, 49.048, 65.197, 65.222, 71.007, 
10, 100, 1000, FCFS, 0.051, 36.262, 36.283, 36.754, 36.756, 37.014, 
10, 100, 10000, RR, 0.068, 25.684, 25.691, 55.484, 55.491, 62.142, 
10, 100, 10000, FCFS, 0.031, 39.473, 39.480, 44.192, 44.212, 45.758, 
10, 100, 100000, RR, 0.495, 47.710, 47.734, 54.462, 57.146, 81.792, 
10, 100, 100000, FCFS, 0.077, 42.427, 42.449, 45.458, 45.461, 62.603, 
10, 100, 1000000, RR, 0.086, 39.272, 39.295, 44.927, 177.781, 360.968, 
10, 100, 1000000, FCFS, 0.033, 22.919, 22.940, 32.557, 32.577, 183.324, 
10, 1000, 10, RR, 0.017, 29.602, 35.583, 58.786, 47.537, 53.415, 
10, 1000, 10, FCFS, 0.063, 34.224, 34.246, 39.929, 39.950, 56.501, 
10, 1000, 100, RR, 0.019, 24.387, 36.941, 52.831, 39.037, 45.195, 
10, 1000, 100, FCFS, 0.025, 21.505, 21.544, 51.210, 60.207, 60.666, 
10, 1000, 1000, RR, 0.108, 46.860, 53.841, 63.065, 57.163, 62.849, 
10, 1000, 1000, FCFS, 0.042, 28.156, 28.161, 35.723, 35.727, 36.699, 
10, 1000, 10000, RR, 0.043, 58.444, 58.453, 68.229, 68.241, 74.972, 
10, 1000, 10000, FCFS, 0.213, 29.983, 30.028, 66.076, 66.081, 69.332, 
10, 1000, 100000, RR, 0.032, 48.081, 48.089, 65.078, 77.070, 95.311, 
10, 1000, 100000, FCFS, 0.223, 54.286, 54.293, 58.808, 58.816, 89.090, 
10, 1000, 1000000, RR, 0.023, 24.004, 44.488, 61.531, 82.212, 217.754, 
10, 1000, 1000000, FCFS, 0.049, 29.279, 29.284, 49.554, 49.571, 203.372, 
10, 10000, 10, RR, 0.013, 28.915, 50.882, 84.276, 34.142, 45.214, 
10, 10000, 10, FCFS, 0.023, 33.214, 33.217, 225.327, 225.330, 225.581, 
10, 10000, 100, RR, 0.016, 22.677, 36.394, 57.113, 34.054, 41.496, 
10, 10000, 100, FCFS, 0.073, 26.503, 26.526, 112.726, 112.734, 115.121, 
10, 10000, 1000, RR, 0.016, 34.954, 60.033, 80.941, 44.462, 55.338, 
10, 10000, 1000, FCFS, 0.021, 19.669, 19.672, 139.755, 139.758, 140.227, 
10, 10000, 10000, RR, 0.032, 34.700, 63.057, 78.571, 49.932, 68.126, 
10, 10000, 10000, FCFS, 0.026, 27.464, 27.498, 129.960, 129.963, 132.498, 
10, 10000, 100000, RR, 0.015, 26.628, 50.234, 88.547, 63.618, 79.963, 
10, 10000, 100000, FCFS, 0.037, 14.144, 14.150, 88.143, 88.150, 108.609, 
10, 10000, 1000000, RR, 0.018, 26.949, 51.733, 69.847, 74.021, 217.364, 
10, 10000, 1000000, FCFS, 0.051, 23.861, 23.883, 105.031, 105.037, 238.112, 
10, 100000, 10, RR, 0.014, 14.487, 186.702, 384.342, 26.257, 34.549, 
10, 100000, 10, FCFS, 0.018, 22.055, 22.063, 750.140, 750.145, 750.506, 
10, 100000, 100, RR, 0.013, 39.310, 146.816, 372.745, 64.734, 70.234, 
10, 100000, 100, FCFS, 0.019, 30.442, 30.463, 1155.662, 1155.667, 1156.451, 
10, 100000, 1000, RR, 0.142, 35.956, 176.249, 390.376, 47.943, 53.435, 
10, 100000, 1000, FCFS, 0.034, 10.084, 10.086, 1053.903, 1053.910, 1058.013, 
10, 100000, 10000, RR, 0.020, 47.706, 154.560, 392.947, 57.675, 65.047, 
10, 100000, 10000, FCFS, 0.022, 37.903, 37.907, 1232.764, 1232.789, 1234.263, 
10, 100000, 100000, RR, 0.062, 25.639, 170.870, 400.570, 58.170, 79.714, 
10, 100000, 100000, FCFS, 0.030, 40.344, 40.347, 847.856, 847.862, 881.557, 
10, 100000, 1000000, RR, 0.026, 41.089, 334.313, 517.385, 334.574, 480.449, 
10, 100000, 1000000, FCFS, 0.017, 36.284, 36.288, 900.335, 900.363, 1046.137, 
10, 1000000, 10, RR, 0.020, 16.627, 1369.775, 3327.091, 21.758, 29.202, 
10, 1000000, 10, FCFS, 0.021, 34.901, 34.905, 11671.491, 11671.495, 11674.728, 
10, 1000000, 100, RR, 0.032, 32.603, 1404.587, 3370.084, 57.334, 67.676, 
10, 1000000, 100, FCFS, 0.018, 34.026, 34.033, 11313.992, 11314.012, 11314.556, 
10, 1000000, 1000, RR, 0.018, 33.580, 1212.813, 3310.471, 38.829, 45.114, 
10, 1000000, 1000, FCFS, 0.024, 21.065, 21.068, 10992.421, 10992.426, 10992.970, 
10, 1000000, 10000, RR, 0.018, 41.671, 1188.745, 3230.647, 54.005, 61.751, 
10, 1000000, 10000, FCFS, 0.025, 37.792, 37.814, 10841.799, 10841.807, 10843.712, 
10, 1000000, 100000, RR, 0.018, 52.104, 1379.270, 3436.256, 78.794, 94.688, 
10, 1000000, 100000, FCFS, 0.037, 20.515, 20.522, 11011.087, 11011.090, 11022.838, 
10, 1000000, 1000000, RR, 0.023, 58.763, 1565.562, 3569.528, 260.278, 396.957, 
10, 1000000, 1000000, FCFS, 0.017, 23.382, 23.385, 10868.932, 10868.935, 11000.305, 
100, 10, 10, RR, 0.014, 20.406, 20.409, 44.044, 44.051, 49.401, 
100, 10, 10, FCFS, 0.022, 37.288, 37.292, 37.551, 37.576, 37.825, 
100, 10, 100, RR, 0.015, 27.567, 27.572, 46.686, 46.698, 51.886, 
100, 10, 100, FCFS, 0.030, 15.515, 15.526, 28.270, 28.275, 28.532, 
100, 10, 1000, RR, 0.033, 41.656, 41.665, 52.281, 52.307, 57.941, 
100, 10, 1000, FCFS, 0.089, 21.449, 21.471, 32.710, 32.726, 33.019, 
100, 10, 10000, RR, 0.049, 37.425, 37.450, 48.314, 48.337, 56.234, 
100, 10, 10000, FCFS, 0.024, 11.764, 11.766, 12.441, 12.446, 27.365, 
100, 10, 100000, RR, 0.022, 27.541, 27.547, 33.396, 41.147, 51.531, 
100, 10, 100000, FCFS, 0.020, 20.318, 20.323, 50.358, 50.362, 76.234, 
100, 10, 1000000, RR, 0.017, 21.767, 21.776, 32.804, 84.567, 216.110, 
100, 10, 1000000, FCFS, 0.037, 20.517, 20.520, 29.937, 29.941, 161.830, 
100, 100, 10, RR, 0.060, 24.138, 24.141, 39.453, 39.482, 49.455, 
100, 100, 10, FCFS, 0.047, 18.638, 27.189, 35.211, 35.233, 35.582, 
100, 100, 100, RR, 0.014, 37.478, 44.604, 55.454, 42.831, 49.730, 
100, 100, 100, FCFS, 0.052, 25.352, 25.373, 32.127, 32.147, 34.405, 
100, 100, 1000, RR, 0.016, 24.179, 24.188, 47.894, 47.922, 55.604, 
100, 100, 1000, FCFS, 0.041, 12.166, 12.173, 29.847, 29.852, 32.104, 
100, 100, 10000, RR, 0.036, 36.172, 36.180, 42.518, 42.526, 49.351, 
100, 100, 10000, FCFS, 0.039, 27.412, 27.420, 29.171, 29.173, 33.093, 
100, 100, 100000, RR, 0.057, 33.083, 33.087, 39.784, 49.498, 65.563, 
100, 100, 100000, FCFS, 0.032, 25.571, 25.580, 28.550, 28.575, 53.603, 
100, 100, 1000000, RR, 0.030, 18.514, 18.534, 27.672, 49.490, 196.099, 
100, 100, 1000000, FCFS, 0.034, 19.222, 19.228, 50.597, 50.621, 192.601, 
100, 1000, 10, RR, 0.015, 28.243, 28.266, 35.870, 35.892, 44.404, 
100, 1000, 10, FCFS, 0.065, 34.822, 34.843, 64.624, 64.630, 65.184, 
100, 1000, 100, RR, 0.026, 25.904, 25.909, 31.549, 31.577, 39.463, 
100, 1000, 100, FCFS, 0.037, 21.721, 21.728, 53.605, 53.609, 53.910, 
100, 1000, 1000, RR, 0.027, 21.142, 38.383, 55.777, 34.242, 43.670, 
100, 1000, 1000, FCFS, 0.028, 16.269, 16.274, 33.826, 33.846, 34.125, 
100, 1000, 10000, RR, 0.055, 20.489, 20.498, 27.500, 27.525, 35.354, 
100, 1000, 10000, FCFS, 0.027, 23.921, 23.926, 54.157, 54.163, 55.618, 
100, 1000, 100000, RR, 0.073, 27.312, 27.321, 38.952, 39.550, 58.012, 
100, 1000, 100000, FCFS, 0.069, 21.198, 21.222, 38.006, 38.011, 61.318, 
100, 1000, 1000000, RR, 0.017, 35.242, 35.273, 44.175, 91.977, 222.792, 
100, 1000, 1000000, FCFS, 0.026, 33.081, 33.087, 51.197, 51.218, 188.157, 
100, 10000, 10, RR, 0.023, 25.353, 49.261, 87.373, 46.611, 52.102, 
100, 10000, 10, FCFS, 0.038, 26.849, 26.870, 132.618, 132.628, 132.951, 
100, 10000, 100, RR, 0.024, 25.351, 46.130, 64.390, 31.655, 51.128, 
100, 10000, 100, FCFS, 0.022, 34.290, 34.296, 106.138, 106.145, 106.456, 
100, 10000, 1000, RR, 0.023, 46.435, 56.340, 77.537, 56.693, 62.671, 
100, 10000, 1000, FCFS, 0.021, 42.763, 42.768, 130.053, 130.057, 130.402, 
100, 10000, 10000, RR, 0.018, 44.306, 53.485, 87.660, 50.166, 58.529, 
100, 10000, 10000, FCFS, 0.023, 27.928, 27.938, 66.720, 66.723, 68.001, 
100, 10000, 100000, RR, 0.015, 27.061, 56.257, 79.610, 51.898, 73.842, 
100, 10000, 100000, FCFS, 0.053, 36.513, 36.516, 188.054, 188.062, 216.620, 
100, 10000, 1000000, RR, 0.066, 12.071, 33.417, 75.612, 82.094, 226.179, 
100, 10000, 1000000, FCFS, 0.023, 28.780, 28.790, 215.066, 215.092, 354.071, 
100, 100000, 10, RR, 0.024, 23.087, 163.964, 351.870, 39.746, 45.478, 
100, 100000, 10, FCFS, 0.047, 20.850, 20.853, 1238.004, 1238.009, 1238.592, 
100, 100000, 100, RR, 0.033, 17.726, 172.079, 383.974, 55.634, 61.449, 
100, 100000, 100, FCFS, 0.023, 16.383, 16.392, 1156.031, 1156.053, 1163.089, 
100, 100000, 1000, RR, 0.079, 13.514, 130.863, 357.042, 38.245, 43.980, 
100, 100000, 1000, FCFS, 0.038, 33.256, 33.264, 926.243, 926.249, 926.805, 
100, 100000, 10000, RR, 0.028, 42.082, 157.565, 390.191, 54.101, 59.785, 
100, 100000, 10000, FCFS, 0.029, 28.525, 28.531, 1151.311, 1151.315, 1159.399, 
100, 100000, 100000, RR, 0.027, 17.885, 149.539, 348.248, 62.419, 86.631, 
100, 100000, 100000, FCFS, 0.017, 9.571, 9.578, 1059.248, 1059.250, 1080.673, 
100, 100000, 1000000, RR, 0.047, 53.444, 305.403, 492.244, 263.996, 406.450, 
100, 100000, 1000000, FCFS, 0.026, 35.562, 35.565, 1004.389, 1004.413, 1145.305, 
100, 1000000, 10, RR, 0.045, 35.559, 1302.076, 3286.870, 50.058, 58.036, 
100, 1000000, 10, FCFS, 0.018, 42.218, 42.227, 10887.600, 10887.604, 10887.958, 
100, 1000000, 100, RR, 0.012, 40.755, 1313.872, 3403.443, 53.341, 59.164, 
100, 1000000, 100, FCFS, 0.024, 27.368, 27.371, 10859.001, 10859.023, 10859.533, 
100, 1000000, 1000, RR, 0.018, 10.437, 1329.253, 3258.685, 15.656, 24.361, 
100, 1000000, 1000, FCFS, 0.020, 32.336, 32.371, 11067.674, 11067.681, 11068.388, 
100, 1000000, 10000, RR, 0.019, 30.677, 1159.994, 3409.033, 38.910, 46.926, 
100, 1000000, 10000, FCFS, 0.031, 36.962, 36.985, 11701.211, 11701.234, 11705.034, 
100, 1000000, 100000, RR, 0.064, 21.677, 1249.619, 3257.855, 61.123, 79.086, 
100, 1000000, 100000, FCFS, 0.027, 36.422, 36.426, 10524.602, 10524.610, 10550.714, 
100, 1000000, 1000000, RR, 0.063, 49.745, 1671.813, 3684.846, 311.419, 448.192, 
100, 1000000, 1000000, FCFS, 0.035, 34.086, 34.095, 11315.588, 11315.593, 11459.654, 
1000, 10, 10, RR, 0.015, 14.824, 14.826, 33.942, 33.946, 45.395, 
1000, 10, 10, FCFS, 0.038, 34.844, 34.849, 35.332, 35.334, 35.635, 
1000, 10, 100, RR, 0.031, 13.246, 13.249, 41.884, 41.889, 48.589, 
1000, 10, 100, FCFS, 0.020, 11.085, 11.088, 33.925, 33.928, 34.158, 
1000, 10, 1000, RR, 0.016, 19.445, 19.450, 25.449, 25.453, 33.173, 
1000, 10, 1000, FCFS, 0.066, 18.930, 18.955, 30.800, 30.803, 31.113, 
1000, 10, 10000, RR, 0.015, 32.014, 32.018, 39.508, 39.531, 54.162, 
1000, 10, 10000, FCFS, 0.074, 32.024, 32.048, 34.721, 34.724, 36.273, 
1000, 10, 100000, RR, 0.018, 26.460, 26.483, 33.109, 38.795, 55.042, 
1000, 10, 100000, FCFS, 0.051, 28.556, 28.561, 29.464, 29.467, 42.454, 
1000, 10, 1000000, RR, 0.057, 37.018, 37.024, 42.953, 65.429, 201.318, 
1000, 10, 1000000, FCFS, 0.024, 32.287, 32.290, 37.329, 37.335, 186.164, 
1000, 100, 10, RR, 0.016, 51.008, 51.039, 58.454, 58.477, 66.648, 
1000, 100, 10, FCFS, 0.031, 30.703, 30.706, 33.665, 33.687, 34.011, 
1000, 100, 100, RR, 0.040, 39.445, 39.450, 49.805, 49.873, 64.901, 
1000, 100, 100, FCFS, 0.080, 26.818, 26.824, 37.042, 37.048, 37.417, 
1000, 100, 1000, RR, 0.018, 26.849, 26.853, 41.072, 41.097, 49.923, 
1000, 100, 1000, FCFS, 0.061, 29.898, 29.919, 30.762, 30.781, 35.127, 
1000, 100, 10000, RR, 0.023, 35.101, 35.110, 45.651, 45.656, 51.217, 
1000, 100, 10000, FCFS, 0.023, 24.475, 24.479, 34.582, 34.590, 35.936, 
1000, 100, 100000, RR, 0.025, 27.153, 27.163, 32.838, 34.804, 53.535, 
1000, 100, 100000, FCFS, 0.044, 13.281, 13.286, 16.322, 16.330, 53.118, 
1000, 100, 1000000, RR, 0.099, 22.476, 22.482, 28.067, 88.726, 231.317, 
1000, 100, 1000000, FCFS, 0.033, 36.982, 36.987, 46.192, 46.195, 181.726, 
1000, 1000, 10, RR, 0.015, 30.675, 30.680, 44.481, 44.523, 56.750, 
1000, 1000, 10, FCFS, 0.054, 30.268, 30.292, 36.331, 36.334, 41.213, 
1000, 1000, 100, RR, 0.031, 37.170, 37.181, 42.517, 42.525, 55.260, 
1000, 1000, 100, FCFS, 0.080, 13.543, 13.569, 32.115, 32.120, 32.415, 
1000, 1000, 1000, RR, 0.022, 35.729, 35.736, 41.453, 41.460, 53.913, 
1000, 1000, 1000, FCFS, 0.040, 18.277, 18.280, 38.808, 38.815, 41.696, 
1000, 1000, 10000, RR, 0.039, 37.520, 37.530, 45.836, 45.859, 57.341, 
1000, 1000, 10000, FCFS, 0.063, 34.777, 34.784, 62.285, 62.294, 69.718, 
1000, 1000, 100000, RR, 0.125, 25.444, 25.469, 32.218, 32.403, 70.187, 
1000, 1000, 100000, FCFS, 0.081, 10.156, 10.158, 27.770, 27.780, 62.493, 
1000, 1000, 1000000, RR, 0.025, 44.938, 44.945, 50.443, 84.205, 215.521, 
1000, 1000, 1000000, FCFS, 0.031, 18.542, 18.545, 62.515, 62.524, 206.972, 
1000, 10000, 10, RR, 0.015, 39.307, 59.691, 84.704, 46.085, 51.787, 
1000, 10000, 10, FCFS, 0.025, 24.031, 24.053, 58.288, 58.295, 58.519, 
1000, 10000, 100, RR, 0.027, 16.511, 27.876, 79.284, 44.915, 51.396, 
1000, 10000, 100, FCFS, 0.023, 12.924, 12.927, 83.392, 83.399, 86.007, 
1000, 10000, 1000, RR, 0.023, 33.041, 53.618, 90.257, 55.805, 64.305, 
1000, 10000, 1000, FCFS, 0.025, 30.867, 30.893, 94.220, 94.223, 94.707, 
1000, 10000, 10000, RR, 0.012, 35.796, 54.750, 73.293, 40.997, 59.710, 
1000, 10000, 10000, FCFS, 0.018, 36.916, 36.951, 143.205, 143.212, 145.019, 
1000, 10000, 100000, RR, 0.020, 30.091, 53.742, 80.449, 69.299, 95.022, 
1000, 10000, 100000, FCFS, 0.027, 35.130, 35.207, 151.568, 151.571, 166.911, 
1000, 10000, 1000000, RR, 0.120, 28.207, 51.458, 91.210, 100.263, 252.684, 
1000, 10000, 1000000, FCFS, 0.017, 17.202, 17.207, 130.073, 130.080, 281.679, 
1000, 100000, 10, RR, 0.018, 12.360, 163.067, 378.351, 41.946, 47.806, 
1000, 100000, 10, FCFS, 0.029, 36.007, 36.031, 1013.822, 1013.825, 1014.291, 
1000, 100000, 100, RR, 0.030, 37.079, 174.433, 415.871, 55.401, 63.060, 
1000, 100000, 100, FCFS, 0.021, 44.916, 44.919, 1090.504, 1090.511, 1091.075, 
1000, 100000, 1000, RR, 0.023, 33.508, 167.697, 392.669, 41.255, 50.851, 
1000, 100000, 1000, FCFS, 0.031, 38.886, 38.890, 1210.589, 1210.611, 1214.211, 
1000, 100000, 10000, RR, 0.051, 51.114, 172.365, 457.645, 59.974, 65.646, 
1000, 100000, 10000, FCFS, 0.020, 34.627, 34.654, 1113.070, 1113.074, 1114.721, 
1000, 100000, 100000, RR, 0.021, 39.408, 164.346, 385.326, 84.172, 100.871, 
1000, 100000, 100000, FCFS, 0.026, 19.595, 19.607, 1002.389, 1002.393, 1026.662, 
1000, 100000, 1000000, RR, 0.016, 48.225, 332.701, 532.621, 294.565, 468.971, 
1000, 100000, 1000000, FCFS, 0.021, 33.103, 33.106, 1003.421, 1003.425, 1155.072, 
1000, 1000000, 10, RR, 0.018, 12.712, 1271.540, 3360.342, 29.403, 43.292, 
1000, 1000000, 10, FCFS, 0.022, 42.925, 42.947, 11102.256, 11102.263, 11102.843, 
1000, 1000000, 100, RR, 0.013, 50.575, 1296.057, 3244.191, 55.815, 65.028, 
1000, 1000000, 100, FCFS, 0.026, 26.310, 26.318, 11109.718, 11109.746, 11110.180, 
1000, 1000000, 1000, RR, 0.024, 37.841, 1199.423, 3380.262, 46.780, 58.887, 
1000, 1000000, 1000, FCFS, 0.025, 31.440, 31.448, 11213.762, 11213.765, 11214.268, 
1000, 1000000, 10000, RR, 0.020, 25.061, 1220.885, 3308.623, 36.261, 42.183, 
1000, 1000000, 10000, FCFS, 0.019, 35.687, 35.713, 10026.117, 10026.121, 10029.217, 
1000, 1000000, 100000, RR, 0.037, 27.255, 1309.289, 3401.491, 77.207, 96.804, 
1000, 1000000, 100000, FCFS, 0.029, 9.302, 9.304, 10568.673, 10568.695, 10582.569, 
1000, 1000000, 1000000, RR, 0.079, 36.139, 1535.576, 3444.674, 225.913, 365.175, 
1000, 1000000, 1000000, FCFS, 0.022, 35.012, 35.033, 10948.715, 10948.721, 11097.588, 
10000, 10, 10, RR, 0.019, 35.590, 35.635, 41.785, 41.815, 47.781, 
10000, 10, 10, FCFS, 0.059, 29.513, 29.519, 29.987, 29.989, 33.430, 
10000, 10, 100, RR, 0.023, 37.612, 37.616, 45.568, 45.587, 51.428, 
10000, 10, 100, FCFS, 0.053, 12.503, 12.510, 33.699, 33.720, 37.339, 
10000, 10, 1000, RR, 0.013, 25.025, 25.049, 30.546, 30.572, 38.275, 
10000, 10, 1000, FCFS, 0.052, 12.797, 12.819, 22.803, 22.824, 24.203, 
10000, 10, 10000, RR, 0.057, 48.309, 48.312, 58.930, 58.963, 67.364, 
10000, 10, 10000, FCFS, 0.031, 37.762, 37.768, 38.219, 38.221, 39.563, 
10000, 10, 100000, RR, 0.044, 48.599, 48.608, 59.523, 60.691, 81.868, 
10000, 10, 100000, FCFS, 0.050, 10.494, 10.519, 15.783, 15.791, 45.607, 
10000, 10, 1000000, RR, 0.047, 37.385, 37.414, 44.140, 74.688, 215.829, 
10000, 10, 1000000, FCFS, 0.161, 22.160, 22.167, 29.441, 29.447, 172.984, 
10000, 100, 10, RR, 29.966, 48.234, 18.456, 42.936, 42.946, 48.191, 
10000, 100, 10, FCFS, 0.033, 25.888, 25.892, 30.236, 30.241, 30.444, 
10000, 100, 100, RR, 0.040, 40.024, 40.048, 45.962, 45.990, 56.181, 
10000, 100, 100, FCFS, 0.048, 17.510, 17.531, 31.736, 31.757, 34.154, 
10000, 100, 1000, RR, 0.015, 31.630, 31.638, 46.876, 46.935, 52.453, 
10000, 100, 1000, FCFS, 0.033, 30.070, 30.073, 32.349, 32.351, 36.125, 
10000, 100, 10000, RR, 0.024, 18.346, 19.373, 35.998, 36.006, 41.302, 
10000, 100, 10000, FCFS, 0.028, 26.402, 26.410, 36.955, 36.961, 59.038, 
10000, 100, 100000, RR, 0.023, 36.225, 36.255, 49.590, 50.180, 75.469, 
10000, 100, 100000, FCFS, 0.021, 33.201, 33.205, 34.025, 34.028, 53.136, 
10000, 100, 1000000, RR, 0.043, 43.992, 44.002, 52.156, 99.631, 228.133, 
10000, 100, 1000000, FCFS, 0.021, 29.838, 29.845, 31.961, 31.964, 165.682, 
10000, 1000, 10, RR, 0.015, 35.478, 41.512, 48.814, 43.118, 48.763, 
10000, 1000, 10, FCFS, 0.025, 16.131, 16.134, 60.588, 60.594, 60.923, 
10000, 1000, 100, RR, 0.016, 35.851, 35.869, 41.547, 41.554, 50.147, 
10000, 1000, 100, FCFS, 0.105, 15.217, 15.223, 33.111, 33.123, 39.636, 
10000, 1000, 1000, RR, 0.054, 21.234, 21.261, 32.711, 32.720, 50.012, 
10000, 1000, 1000, FCFS, 0.051, 35.430, 35.441, 52.527, 52.534, 59.386, 
10000, 1000, 10000, RR, 0.039, 38.660, 38.664, 44.108, 44.116, 55.599, 
10000, 1000, 10000, FCFS, 0.048, 13.528, 13.550, 32.410, 32.414, 33.994, 
10000, 1000, 100000, RR, 0.041, 24.211, 24.234, 41.289, 49.754, 67.031, 
10000, 1000, 100000, FCFS, 0.025, 25.962, 25.965, 47.048, 47.058, 58.761, 
10000, 1000, 1000000, RR, 0.042, 30.337, 30.346, 42.500, 109.915, 225.977, 
10000, 1000, 1000000, FCFS, 0.025, 23.176, 23.180, 50.338, 50.341, 186.447, 
10000, 10000, 10, RR, 0.069, 21.049, 45.178, 84.274, 28.010, 40.370, 
10000, 10000, 10, FCFS, 0.019, 31.739, 31.761, 139.730, 139.751, 145.825, 
10000, 10000, 100, RR, 0.028, 35.505, 52.708, 75.370, 49.614, 63.798, 
10000, 10000, 100, FCFS, 0.022, 43.279, 43.292, 203.640, 203.643, 203.920, 
10000, 10000, 1000, RR, 0.051, 29.573, 56.328, 91.622, 40.128, 54.571, 
10000, 10000, 1000, FCFS, 0.026, 12.958, 28.227, 114.071, 114.093, 114.581, 
10000, 10000, 10000, RR, 2.865, 39.721, 59.797, 82.411, 46.667, 65.029, 
10000, 10000, 10000, FCFS, 0.019, 40.170, 40.178, 92.996, 93.002, 96.061, 
10000, 10000, 100000, RR, 0.058, 17.202, 50.488, 88.407, 77.659, 96.358, 
10000, 10000, 100000, FCFS, 0.034, 21.088, 21.101, 166.016, 166.020, 184.830, 
10000, 10000, 1000000, RR, 0.068, 28.873, 64.368, 101.772, 118.821, 252.649, 
10000, 10000, 1000000, FCFS, 0.024, 33.279, 33.282, 217.193, 217.215, 365.543, 
10000, 100000, 10, RR, 0.016, 22.473, 141.694, 379.344, 38.030, 43.450, 
10000, 100000, 10, FCFS, 0.026, 25.449, 25.452, 865.399, 865.402, 869.770, 
10000, 100000, 100, RR, 0.069, 55.834, 146.471, 425.202, 62.871, 68.260, 
10000, 100000, 100, FCFS, 0.025, 32.560, 32.586, 920.909, 920.913, 921.315, 
10000, 100000, 1000, RR, 0.016, 57.623, 174.825, 409.924, 62.886, 74.872, 
10000, 100000, 1000, FCFS, 0.023, 20.900, 20.904, 1120.864, 1120.868, 1121.243, 
10000, 100000, 10000, RR, 0.021, 37.250, 177.253, 366.294, 50.694, 56.520, 
10000, 100000, 10000, FCFS, 0.022, 35.263, 35.269, 1188.458, 1188.463, 1192.716, 
10000, 100000, 100000, RR, 0.029, 23.955, 136.329, 352.631, 73.184, 90.964, 
10000, 100000, 100000, FCFS, 0.034, 0.175, 0.177, 985.874, 985.877, 999.259, 
10000, 100000, 1000000, RR, 0.017, 34.392, 319.627, 569.861, 250.214, 388.356, 
10000, 100000, 1000000, FCFS, 0.032, 44.236, 44.239, 1068.787, 1068.791, 1213.684, 
10000, 1000000, 10, RR, 31.602, 45.785, 1381.839, 3370.723, 40.410, 45.704, 
10000, 1000000, 10, FCFS, 0.024, 44.945, 44.951, 10817.274, 10817.277, 10817.630, 
10000, 1000000, 100, RR, 0.019, 23.563, 1285.076, 3190.615, 60.914, 75.377, 
10000, 1000000, 100, FCFS, 0.018, 32.315, 32.337, 10754.178, 10754.183, 10754.659, 
10000, 1000000, 1000, RR, 0.056, 22.636, 1235.312, 3244.629, 36.520, 42.995, 
10000, 1000000, 1000, FCFS, 0.019, 52.603, 52.618, 10963.794, 10963.797, 10964.271, 
10000, 1000000, 10000, RR, 0.021, 57.428, 1354.982, 3263.401, 62.843, 73.193, 
10000, 1000000, 10000, FCFS, 0.020, 14.811, 14.895, 10215.047, 10215.052, 10216.759, 
10000, 1000000, 100000, RR, 0.016, 20.192, 1277.072, 3270.178, 54.547, 65.562, 
10000, 1000000, 100000, FCFS, 0.024, 44.910, 44.913, 11196.954, 11196.957, 11219.029, 
10000, 1000000, 1000000, RR, 0.017, 35.843, 1452.965, 3552.792, 270.749, 405.725, 
10000, 1000000, 1000000, FCFS, 0.024, 23.743, 23.749, 10341.062, 10341.065, 10481.953, 
100000, 10, 10, RR, 0.014, 28.293, 28.303, 42.072, 42.078, 47.425, 
100000, 10, 10, FCFS, 0.070, 19.173, 19.181, 19.490, 19.538, 26.164, 
100000, 10, 100, RR, 0.045, 36.465, 36.475, 42.177, 42.185, 54.713, 
100000, 10, 100, FCFS, 0.027, 46.071, 46.115, 51.681, 51.705, 52.065, 
100000, 10, 1000, RR, 0.050, 29.899, 29.910, 40.014, 40.019, 46.134, 
100000, 10, 1000, FCFS, 0.070, 26.829, 26.835, 30.153, 30.155, 32.710, 
100000, 10, 10000, RR, 0.013, 42.318, 42.327, 49.263, 49.271, 59.293, 
100000, 10, 10000, FCFS, 0.062, 28.265, 28.286, 34.233, 34.235, 35.776, 
100000, 10, 100000, RR, 0.032, 35.828, 35.837, 41.578, 41.801, 59.259, 
100000, 10, 100000, FCFS, 0.122, 21.030, 21.087, 27.799, 27.806, 54.737, 
100000, 10, 1000000, RR, 0.056, 24.153, 24.161, 40.024, 73.948, 216.795, 
100000, 10, 1000000, FCFS, 0.019, 20.447, 20.453, 27.406, 27.410, 164.476, 
100000, 100, 10, RR, 36.742, 52.239, 25.114, 44.100, 44.108, 52.194, 
100000, 100, 10, FCFS, 0.020, 24.532, 24.535, 32.549, 32.552, 32.794, 
100000, 100, 100, RR, 7.951, 26.108, 26.112, 31.862, 31.867, 41.397, 
100000, 100, 100, FCFS, 0.027, 12.121, 12.127, 14.853, 14.861, 29.872, 
100000, 100, 1000, RR, 0.019, 21.901, 21.906, 29.446, 29.462, 38.138, 
100000, 100, 1000, FCFS, 0.019, 10.420, 10.442, 25.947, 25.951, 30.709, 
100000, 100, 10000, RR, 0.926, 45.264, 45.269, 53.947, 53.955, 59.652, 
100000, 100, 10000, FCFS, 0.039, 29.636, 29.644, 31.132, 31.135, 32.495, 
100000, 100, 100000, RR, 0.017, 28.659, 28.664, 35.601, 39.818, 59.260, 
100000, 100, 100000, FCFS, 0.063, 7.727, 7.729, 32.069, 32.091, 66.495, 
100000, 100, 1000000, RR, 0.015, 24.776, 24.806, 36.383, 83.834, 219.930, 
100000, 100, 1000000, FCFS, 0.042, 28.749, 28.753, 30.855, 30.860, 178.560, 
100000, 1000, 10, RR, 31.421, 46.207, 18.616, 39.170, 39.175, 46.015, 
100000, 1000, 10, FCFS, 0.025, 28.910, 28.913, 59.573, 59.581, 60.007, 
100000, 1000, 100, RR, 0.041, 36.506, 36.514, 56.939, 56.943, 62.229, 
100000, 1000, 100, FCFS, 0.052, 28.983, 29.011, 31.949, 31.955, 37.333, 
100000, 1000, 1000, RR, 0.037, 30.714, 30.723, 38.175, 38.184, 52.812, 
100000, 1000, 1000, FCFS, 0.023, 12.071, 12.074, 30.182, 30.203, 43.297, 
100000, 1000, 10000, RR, 0.063, 29.855, 29.877, 42.811, 42.819, 50.377, 
100000, 1000, 10000, FCFS, 0.043, 35.425, 35.434, 53.552, 53.559, 55.233, 
100000, 1000, 100000, RR, 0.087, 25.799, 25.810, 31.482, 40.255, 53.642, 
100000, 1000, 100000, FCFS, 0.048, 33.246, 33.252, 37.780, 37.784, 65.459, 
100000, 1000, 1000000, RR, 0.026, 39.028, 39.036, 44.709, 77.414, 230.807, 
100000, 1000, 1000000, FCFS, 0.020, 44.873, 44.881, 50.830, 50.836, 199.150, 
100000, 10000, 10, RR, 0.014, 32.939, 45.182, 85.362, 48.166, 53.873, 
100000, 10000, 10, FCFS, 0.023, 41.141, 41.162, 138.720, 138.724, 139.113, 
100000, 10000, 100, RR, 0.014, 31.680, 39.050, 79.489, 37.699, 43.423, 
100000, 10000, 100, FCFS, 0.036, 41.049, 41.056, 149.270, 149.273, 149.557, 
100000, 10000, 1000, RR, 0.017, 36.087, 53.512, 78.428, 49.691, 61.274, 
100000, 10000, 1000, FCFS, 0.029, 34.223, 34.230, 194.261, 194.264, 203.934, 
100000, 10000, 10000, RR, 0.021, 38.836, 58.412, 86.791, 52.199, 63.446, 
100000, 10000, 10000, FCFS, 0.031, 29.831, 29.834, 147.619, 147.622, 149.196, 
100000, 10000, 100000, RR, 0.015, 38.354, 62.642, 86.101, 55.599, 69.783, 
100000, 10000, 100000, FCFS, 0.021, 35.666, 35.670, 169.062, 169.090, 180.919, 
100000, 10000, 1000000, RR, 0.014, 27.992, 75.232, 118.338, 124.331, 258.900, 
100000, 10000, 1000000, FCFS, 0.043, 31.246, 31.271, 79.816, 79.823, 227.756, 
100000, 100000, 10, RR, 0.014, 30.416, 173.417, 394.923, 40.304, 49.469, 
100000, 100000, 10, FCFS, 0.036, 36.357, 36.381, 806.786, 806.792, 809.468, 
100000, 100000, 100, RR, 0.019, 37.861, 178.311, 386.049, 53.035, 61.647, 
100000, 100000, 100, FCFS, 0.019, 38.938, 38.941, 1186.610, 1186.614, 1187.002, 
100000, 100000, 1000, RR, 0.047, 27.287, 132.262, 392.403, 53.705, 59.573, 
100000, 100000, 1000, FCFS, 0.021, 33.845, 33.849, 682.169, 682.173, 685.034, 
100000, 100000, 10000, RR, 0.020, 38.880, 179.561, 404.795, 52.689, 61.815, 
100000, 100000, 10000, FCFS, 0.022, 32.882, 32.886, 1096.320, 1096.326, 1098.238, 
100000, 100000, 100000, RR, 0.014, 38.024, 150.836, 404.556, 71.226, 83.520, 
100000, 100000, 100000, FCFS, 0.022, 37.978, 37.981, 1158.557, 1158.560, 1173.152, 
100000, 100000, 1000000, RR, 0.043, 18.885, 279.766, 483.901, 260.898, 416.146, 
100000, 100000, 1000000, FCFS, 0.025, 33.400, 33.404, 1174.810, 1174.813, 1322.601, 
100000, 1000000, 10, RR, 0.018, 31.556, 1343.013, 3290.571, 49.294, 54.472, 
100000, 1000000, 10, FCFS, 0.026, 14.855, 14.861, 11156.180, 11156.190, 11158.434, 
100000, 1000000, 100, RR, 0.018, 52.597, 1263.425, 3449.949, 60.789, 66.471, 
100000, 1000000, 100, FCFS, 0.028, 13.033, 13.035, 11406.514, 11406.517, 11406.947, 
100000, 1000000, 1000, RR, 0.016, 35.046, 1319.806, 3598.390, 52.140, 58.467, 
100000, 1000000, 1000, FCFS, 0.025, 34.463, 34.468, 10140.085, 10140.088, 10140.436, 
100000, 1000000, 10000, RR, 0.017, 34.332, 1292.982, 3429.493, 46.618, 52.379, 
100000, 1000000, 10000, FCFS, 0.021, 26.410, 26.418, 10958.117, 10958.127, 10959.638, 
100000, 1000000, 100000, RR, 0.014, 20.094, 1272.478, 3354.561, 83.089, 114.041, 
100000, 1000000, 100000, FCFS, 0.024, 44.921, 44.928, 11016.849, 11016.854, 11036.081, 
100000, 1000000, 1000000, RR, 0.035, 17.498, 1503.677, 3432.554, 232.838, 360.632, 
100000, 1000000, 1000000, FCFS, 0.036, 30.345, 30.352, 10619.500, 10619.520, 10755.395, 
1000000, 10, 10, RR, 0.017, 37.670, 37.680, 50.433, 50.461, 56.633, 
1000000, 10, 10, FCFS, 0.025, 33.684, 33.687, 34.140, 34.142, 34.358, 
1000000, 10, 100, RR, 0.035, 49.885, 49.915, 63.261, 63.275, 70.025, 
1000000, 10, 100, FCFS, 0.044, 14.209, 14.235, 28.591, 28.612, 28.833, 
1000000, 10, 1000, RR, 0.087, 31.548, 31.557, 39.158, 39.162, 52.154, 
1000000, 10, 1000, FCFS, 0.031, 26.212, 26.215, 37.279, 37.285, 37.853, 
1000000, 10, 10000, RR, 0.014, 38.680, 38.736, 43.921, 43.925, 49.653, 
1000000, 10, 10000, FCFS, 0.031, 30.328, 30.331, 30.860, 30.861, 32.151, 
1000000, 10, 100000, RR, 0.016, 32.733, 32.742, 38.502, 38.671, 65.097, 
1000000, 10, 100000, FCFS, 0.032, 32.365, 32.416, 35.342, 35.348, 63.130, 
1000000, 10, 1000000, RR, 0.096, 39.543, 39.573, 49.063, 98.353, 225.944, 
1000000, 10, 1000000, FCFS, 0.026, 28.585, 28.589, 39.680, 39.688, 190.712, 
1000000, 100, 10, RR, 0.014, 28.481, 28.504, 45.164, 45.168, 54.206, 
1000000, 100, 10, FCFS, 0.040, 23.531, 23.534, 24.362, 24.364, 24.534, 
1000000, 100, 100, RR, 0.024, 24.415, 24.420, 46.473, 46.482, 54.932, 
1000000, 100, 100, FCFS, 0.030, 34.038, 34.041, 43.414, 43.420, 43.738, 
1000000, 100, 1000, RR, 0.017, 42.681, 42.687, 48.483, 48.488, 54.222, 
1000000, 100, 1000, FCFS, 0.033, 38.420, 38.425, 39.770, 39.790, 40.091, 
1000000, 100, 10000, RR, 0.016, 18.692, 18.698, 37.769, 37.776, 43.717, 
1000000, 100, 10000, FCFS, 0.044, 30.955, 30.973, 33.064, 33.066, 34.491, 
1000000, 100, 100000, RR, 0.034, 22.141, 22.145, 31.649, 34.060, 58.494, 
1000000, 100, 100000, FCFS, 0.020, 23.732, 23.735, 36.830, 36.841, 61.281, 
1000000, 100, 1000000, RR, 0.029, 24.336, 24.344, 39.704, 68.239, 212.372, 
1000000, 100, 1000000, FCFS, 0.033, 8.542, 8.544, 9.431, 9.436, 144.490, 
1000000, 1000, 10, RR, 0.033, 28.624, 28.653, 34.063, 34.066, 47.601, 
1000000, 1000, 10, FCFS, 0.113, 23.676, 23.680, 36.385, 36.388, 36.733, 
1000000, 1000, 100, RR, 0.018, 19.614, 19.623, 28.781, 28.807, 36.610, 
1000000, 1000, 100, FCFS, 0.061, 27.686, 27.690, 45.788, 45.795, 52.972, 
1000000, 1000, 1000, RR, 0.030, 29.539, 29.568, 37.190, 37.193, 49.117, 
1000000, 1000, 1000, FCFS, 0.027, 31.874, 31.930, 38.946, 38.949, 39.290, 
1000000, 1000, 10000, RR, 0.017, 25.326, 25.360, 39.685, 39.693, 55.159, 
1000000, 1000, 10000, FCFS, 0.039, 31.314, 31.319, 54.858, 54.879, 65.419, 
1000000, 1000, 100000, RR, 0.062, 42.843, 42.872, 52.199, 57.502, 83.178, 
1000000, 1000, 100000, FCFS, 0.064, 30.590, 30.598, 64.521, 64.528, 98.534, 
1000000, 1000, 1000000, RR, 0.044, 40.712, 40.720, 47.016, 82.719, 227.445, 
1000000, 1000, 1000000, FCFS, 0.024, 29.742, 29.748, 51.777, 51.782, 190.559, 
1000000, 10000, 10, RR, 0.015, 40.891, 56.857, 81.827, 48.091, 63.866, 
1000000, 10000, 10, FCFS, 0.018, 12.295, 12.298, 112.227, 112.231, 117.498, 
1000000, 10000, 100, RR, 0.011, 47.052, 65.063, 91.943, 52.995, 58.662, 
1000000, 10000, 100, FCFS, 0.026, 30.723, 30.755, 99.479, 99.482, 99.694, 
1000000, 10000, 1000, RR, 0.017, 41.689, 62.293, 92.540, 48.466, 60.450, 
1000000, 10000, 1000, FCFS, 0.050, 20.104, 20.107, 141.674, 141.678, 141.975, 
1000000, 10000, 10000, RR, 0.023, 38.880, 60.806, 84.893, 51.230, 61.055, 
1000000, 10000, 10000, FCFS, 0.049, 35.419, 35.442, 180.676, 180.680, 183.317, 
1000000, 10000, 100000, RR, 0.037, 40.194, 74.008, 101.669, 89.050, 107.485, 
1000000, 10000, 100000, FCFS, 0.032, 36.621, 36.628, 105.393, 105.402, 130.931, 
1000000, 10000, 1000000, RR, 0.019, 27.192, 65.410, 98.190, 83.030, 211.706, 
1000000, 10000, 1000000, FCFS, 0.021, 40.858, 40.863, 99.387, 99.393, 256.423, 
1000000, 100000, 10, RR, 0.015, 42.208, 189.754, 422.115, 47.527, 53.648, 
1000000, 100000, 10, FCFS, 0.027, 42.136, 42.144, 1120.140, 1120.143, 1120.509, 
1000000, 100000, 100, RR, 0.026, 43.938, 178.661, 383.597, 49.302, 56.329, 
1000000, 100000, 100, FCFS, 0.045, 23.565, 23.589, 1104.528, 1104.537, 1105.781, 
1000000, 100000, 1000, RR, 0.026, 9.734, 149.234, 368.134, 39.981, 51.115, 
1000000, 100000, 1000, FCFS, 0.028, 22.148, 22.154, 1073.278, 1073.284, 1073.799, 
1000000, 100000, 10000, RR, 0.028, 17.085, 158.367, 418.696, 48.401, 54.167, 
1000000, 100000, 10000, FCFS, 0.050, 33.640, 33.661, 945.472, 945.493, 953.812, 
1000000, 100000, 100000, RR, 0.025, 26.873, 155.207, 401.471, 45.613, 73.784, 
1000000, 100000, 100000, FCFS, 0.023, 19.265, 19.268, 1064.258, 1064.262, 1089.585, 
1000000, 100000, 1000000, RR, 0.020, 25.311, 365.005, 586.292, 345.361, 511.826, 
1000000, 100000, 1000000, FCFS, 0.020, 20.274, 20.279, 1149.609, 1149.613, 1280.221, 
1000000, 1000000, 10, RR, 0.015, 21.056, 1321.895, 3422.527, 45.907, 53.149, 
1000000, 1000000, 10, FCFS, 0.036, 20.622, 20.625, 10979.465, 10979.470, 10981.222, 
1000000, 1000000, 100, RR, 0.018, 36.943, 1302.301, 3350.769, 42.706, 48.395, 
1000000, 1000000, 100, FCFS, 0.054, 14.243, 14.246, 9813.673, 9813.681, 9814.066, 
1000000, 1000000, 1000, RR, 0.015, 43.282, 1388.375, 3440.154, 49.026, 54.597, 
1000000, 1000000, 1000, FCFS, 0.020, 38.955, 38.959, 11102.401, 11102.409, 11106.040, 
1000000, 1000000, 10000, RR, 0.025, 22.478, 1402.152, 3288.481, 46.538, 52.640, 
1000000, 1000000, 10000, FCFS, 0.035, 25.025, 25.028, 10316.426, 10316.451, 10318.199, 
1000000, 1000000, 100000, RR, 0.015, 43.365, 1351.788, 3308.971, 57.088, 71.508, 
1000000, 1000000, 100000, FCFS, 6.158, 19.372, 19.375, 11054.897, 11054.923, 11081.025, 
1000000, 1000000, 1000000, RR, 0.018, 31.870, 1534.545, 3523.175, 277.139, 403.204, 
1000000, 1000000, 1000000, FCFS, 0.030, 47.989, 47.999, 10399.864, 10399.868, 10559.588, 
